spawns: 
  default: 
    world: world
    x: -62.77677135599561
    y: 70.0
    z: -147.67424389063785
    yaw: -176.69948
    pitch: 43.649975
