spawns: 
  default: 
    world: world
    x: -62.2195685345098
    y: 71.0
    z: -147.81082542837262
    yaw: -176.54948
    pitch: 43.649975
